1210,1,7,9,17,27,38,31
1209,2.17.20.35.37.39.24
1208,6,27,30,36,38,42,25
1207,10,22,24,27,38,45,11
1206,1,3,17,26,27,42,23
1205,1,4,16,23,31,41,2
1204,8,16,28,30,31,44,27
1203,3,6,18,29,35,39,24
1202,5,12,21,33,37,40,7
1201,7,9,24,27,35,36,37
1200,1,2,4,16,20,32,45
1199,16,24,25,30,31,32,7
1198,26,30,33,38,39,41,21
1197,1,5,7,26,28,43,30
1196,8,12,15,29,40,45,14
1195,3,15,27,33,34,36,37
1194,3,13,15,24,33,37,2
1193,6,9,16,19,24,28,17
1192,10,16,23,36,39,40,11
1191,1,4,11,12,20,41,2
1190,7,9,19,23,26,45,33
1189,9,19,29,35,37,38,31
1188,3,4,12,19,22,27,9
1187,5,13,26,29,37,40,42
1186,2,8,13,16,23,28,35
1185,6,17,22,28,29,32,38
1184,14,16,23,25,31,37,42
1183,4,15,17,23,27,36,31
1182,1,13,21,25,28,31,22
1181,8,10,14,20,33,41,28
1180,6,12,18,37,40,41,3
1179,3,16,18,24,40,44,21
1178,5,6,11,27,43,44,17
1177,3,7,15,16,19,43,21
1176,7,9,11,21,30,35,29
1175,3,4,6,8,32,42,31
1174,8,11,14,17,36,39,22
1173,1,5,18,20,30,35,3
1172,7,9,24,40,42,44,45
1171,3,6,7,11,12,17,19
1170,3,13,28,34,38,42,25
1169,5,12,24,26,39,42,20
1168,9,21,24,30,33,37,29
1167,8,23,31,35,39,40,24
1166,14,23,25,27,29,42,16
1165,6,7,27,29,38,45,17
1164,17,18,23,25,38,39,22
1163,2,13,15,16,33,43,4
1162,20,21,22,25,28,29,6
1161,2,12,20,24,34,42,37
1160,7,13,18,36,39,45,19
1159,3,9,27,28,38,39,7
1158,21,25,27,32,37,38,20
1157,5,7,12,20,25,26,28
1156,30,31,34,39,41,45,7
1155,10,16,19,27,37,38,13
1154,4,8,22,26,32,38,27
1153,1,9,10,13,35,44,5
1152,30,31,32,35,36,37,5
1151,2,3,9,15,27,29,8
1150,8,9,18,35,39,45,25
1149,8,15,19,21,32,36,38
1148,3,6,13,15,16,22,32
1147,7,11,24,26,27,37,32
1146,6,11,17,19,40,43,28
1145,2,11,31,33,37,44,32
1144,3,4,12,15,26,34,6
1143,10,16,17,27,28,36,6
1142,2,8,28,30,37,41,22
1141,7,11,12,21,26,35,20
1140,7,10,22,29,31,38,15
1139,5,12,15,30,37,40,18
1138,14,16,19,20,29,34,35
1137,4,9,12,15,33,45,26
1136,21,33,35,38,42,44,1
1135,1,6,13,19,21,33,4
1134,3,7,9,13,19,24,23
1133,13,14,20,28,29,34,23
1132,6,7,19,28,34,41,5
1131,1,2,6,14,27,38,33
1130,15,19,21,25,27,28,40
1129,5,10,11,17,28,34,22
1128,1,5,8,16,28,33,45
1127,10,15,24,30,31,37,32
1126,4,5,9,11,37,40,7
1125,6,14,25,33,40,44,30
1124,3,8,17,30,33,34,28
1123,13,19,21,24,34,35,26
1122,3,6,21,30,34,35,22
1121,6,24,31,32,38,44,8
1120,2,19,26,31,38,41,34
1119,1,9,12,13,20,45,3
1118,11,13,14,15,16,45,3
1117,3,4,9,30,33,36,7
1116,15,16,17,25,30,31,32
1115,7,12,23,32,34,36,8
1114,10,16,19,32,33,38,3
1113,11,13,20,21,32,44,8
1112,16,20,26,36,42,44,24
1111,3,13,30,33,43,45,4
1110,3,7,11,20,22,41,24
1109,10,12,13,19,33,40,2
1108,7,19,26,37,39,44,27
1107,6,14,30,31,40,41,29
1106,1,3,4,29,42,45,36
1105,6,16,34,37,39,40,11
1104,1,7,21,30,35,38,2
1103,10,12,29,31,40,44,2
1102,13,14,22,26,37,38,20
1101,6,7,13,28,36,42,41
1100,17,26,29,30,31,43,12
1099,3,20,28,38,40,43,4
1098,12,16,21,24,41,43,15
1097,14,33,34,35,37,40,4
1096,1,12,16,19,23,43,34
1095,8,14,28,29,34,40,12
1094,6,7,15,22,26,40,41
1093,10,17,22,30,35,43,44
1092,7,18,19,26,33,45,37
1091,6,20,23,24,28,30,44
1090,12,19,21,29,40,45,1
1089,4,18,31,37,42,43,40
1088,11,21,22,30,39,44,31
1087,13,14,18,21,34,44,16
1086,11,16,25,27,35,36,37
1085,4,7,17,18,38,44,36
1084,8,12,13,29,33,42,5
1083,3,7,14,15,22,38,17
1082,21,26,27,32,34,42,31
1081,1,9,16,23,24,38,17
1080,13,16,23,31,36,44,38
1079,4,8,18,24,37,45,6
1078,6,10,11,14,36,38,43
1077,4,8,17,30,40,43,34
1076,3,7,9,33,36,37,10
1075,1,23,24,35,44,45,10
1074,1,6,20,27,28,41,15
1073,6,18,28,30,32,38,15
1072,16,18,20,23,32,43,27
1071,1,2,11,21,30,35,39
1070,3,6,14,22,30,41,36
1069,1,10,18,22,28,31,44
1068,4,7,19,26,33,35,3
1067,7,10,19,23,28,33,18
1066,6,11,16,19,21,32,45
1065,3,18,19,23,32,45,24
1064,3,6,9,18,22,35,14
1063,3,6,22,23,24,38,30
1062,20,31,32,40,41,45,12
1061,4,24,27,35,37,45,15
1060,3,10,24,33,38,45,36
1059,7,10,22,25,34,40,27
1058,11,23,25,30,32,40,42
1057,8,13,19,27,40,45,12
1056,13,20,24,32,36,45,29
1055,4,7,12,14,22,33,31
1054,14,19,27,28,30,45,33
1053,22,26,29,30,34,45,15
1052,5,17,26,27,35,38,1
1051,21,26,30,32,33,35,44
1050,6,12,31,35,38,43,17
1049,3,5,13,20,21,37,17
1048,6,12,17,21,32,39,30
1047,2,20,33,40,42,44,32
1046,7,16,25,29,35,36,28
1045,6,14,15,19,21,41,37
1044,12,17,20,26,28,36,4
1043,3,5,12,22,26,31,19
1042,5,14,15,23,34,43,4
1041,6,7,9,11,17,18,45
1040,8,16,26,29,31,36,11
1039,2,3,6,19,36,39,26
1038,7,16,24,27,37,44,2
1037,2,14,15,22,27,33,31
1036,2,5,22,32,34,45,39
1035,9,14,34,35,41,42,2
1034,26,31,32,33,38,40,11
1033,3,11,15,20,35,44,10
1032,1,6,12,19,36,42,28
1031,6,7,22,32,35,36,19
1030,2,5,11,17,24,29,9
1029,12,30,32,37,39,41,24
1028,5,7,12,13,18,35,23
1027,14,16,27,35,39,45,5
1026,5,12,13,31,32,41,34
1025,8,9,20,25,29,33,7
1024,9,18,20,22,38,44,10
1023,10,14,16,18,29,35,25
1022,5,6,11,29,42,45,28
1021,12,15,17,24,29,45,16
1020,12,27,29,38,41,45,6
1019,1,4,13,17,34,39,6
1018,3,19,21,25,37,45,35
1017,12,18,22,23,30,34,32
1016,15,26,28,34,41,42,44
1015,14,23,31,33,37,40,44
1014,3,11,14,18,26,27,21
1013,21,22,26,34,36,41,32
1012,5,11,18,20,35,45,3
1011,1,9,12,26,35,38,42
1010,9,12,15,25,34,36,3
1009,15,23,29,34,40,44,20
1008,9,11,30,31,41,44,33
1007,8,11,16,19,21,25,40
1006,8,11,15,16,17,37,36
1005,8,13,18,24,27,29,17
1004,7,15,30,37,39,44,18
1003,1,4,29,39,43,45,31
1002,17,25,33,35,38,45,15
1001,6,10,12,14,20,42,15
1000,2,8,19,22,32,42,39
999,1,3,9,14,18,28,34
998,13,17,18,20,42,45,41
997,4,7,14,16,24,44,20
996,6,11,15,24,32,39,28
995,1,4,13,29,38,39,7
994,1,3,8,24,27,35,28
993,6,14,16,18,24,42,44
992,12,20,26,33,44,45,24
991,13,18,25,31,33,44,38
990,2,4,25,26,36,37,28
989,17,18,21,27,29,33,26
988,2,13,20,30,31,41,27
987,2,4,15,23,29,38,7
986,7,10,16,28,41,42,40
985,17,21,23,30,34,44,19
984,3,10,23,35,36,37,18
983,13,23,26,31,35,43,15
982,5,7,13,20,21,44,33
981,27,36,37,41,43,45,32
980,3,13,16,23,24,35,14
979,7,11,16,21,27,33,24
978,1,7,15,32,34,42,8
977,2,9,10,14,22,44,16
976,4,12,14,25,35,37,2
975,7,8,9,17,22,24,5
974,1,2,11,16,39,44,32
973,22,26,31,37,41,42,24
972,3,6,17,23,37,39,26
971,2,6,17,18,21,26,7
970,9,11,16,21,28,36,5
969,3,9,10,29,40,45,7
968,2,5,12,14,24,39,33
967,1,6,13,37,38,40,9
966,1,21,25,29,34,37,36
965,2,13,25,28,29,36,34
964,6,21,36,38,39,43,30
963,6,12,19,23,34,42,35
962,1,18,28,31,34,43,40
961,11,20,29,31,33,42,43
960,2,18,24,30,32,45,14
959,1,14,15,24,40,41,35
958,2,9,10,16,35,37,1
957,4,15,24,35,36,40,1
956,10,11,20,21,25,41,40
955,4,9,23,26,29,33,8
954,1,9,26,28,30,41,32
953,7,9,22,27,37,42,34
952,4,12,22,24,33,41,38
951,2,12,30,31,39,43,38
950,3,4,15,22,28,40,10
949,14,21,35,36,40,44,30
948,13,18,30,31,38,41,5
947,3,8,17,20,27,35,26
946,9,18,19,30,34,40,20
945,9,10,15,30,33,37,26
944,2,13,16,19,32,33,42
943,1,8,13,36,44,45,39
942,10,12,18,35,42,43,39
941,12,14,25,27,39,40,35
940,3,15,20,22,24,41,11
939,4,11,28,39,42,45,6
938,4,8,10,16,31,36,9
937,2,10,13,22,29,40,26
936,7,11,13,17,18,29,43
935,4,10,20,32,38,44,18
934,1,3,30,33,36,39,12
933,23,27,29,31,36,45,37
932,1,6,15,36,37,38,5
931,14,15,23,25,35,43,32
930,8,21,25,38,39,44,28
929,7,9,12,15,19,23,4
928,3,4,10,20,28,44,30
927,4,15,22,38,41,43,26
926,10,16,18,20,25,31,6
925,13,24,32,34,39,42,4
924,3,11,34,42,43,44,13
923,3,17,18,23,36,41,26
922,2,6,13,17,27,43,36
921,5,7,12,22,28,41,1
920,2,3,26,33,34,43,29
919,9,14,17,18,42,44,35
918,7,11,12,31,33,38,5
917,1,3,23,24,27,43,34
916,6,21,22,32,35,36,17
915,2,6,11,13,22,37,14
914,16,19,24,33,42,44,27
913,6,14,16,21,27,37,40
912,5,8,18,21,22,38,10
911,4,5,12,14,32,42,35
910,1,11,17,27,35,39,31
909,7,24,29,30,34,35,33
908,3,16,21,22,23,44,30
907,21,27,29,38,40,44,37
906,2,5,14,28,31,32,20
905,3,4,16,27,38,40,20
904,2,6,8,26,43,45,11
903,2,15,16,21,22,28,45
902,7,19,23,24,36,39,30
901,5,18,20,23,30,34,21
900,7,13,16,18,35,38,14
899,8,19,20,21,33,39,37
898,18,21,28,35,37,42,17
897,6,7,12,22,26,36,29
896,5,12,25,26,38,45,23
895,16,26,31,38,39,41,23
894,19,32,37,40,41,43,45
893,1,15,17,23,25,41,10
892,4,9,17,18,26,42,36
891,9,13,28,31,39,41,19
890,1,4,14,18,29,37,6
889,3,13,29,38,39,42,26
888,3,7,12,31,34,38,32
887,8,14,17,27,36,45,10
886,19,23,28,37,42,45,2
885,1,3,24,27,39,45,31
884,4,14,23,28,37,45,17
883,9,18,32,33,37,44,22
882,18,34,39,43,44,45,23
881,4,18,20,26,27,32,9
880,7,17,19,23,24,45,38
879,1,4,10,14,15,35,20
878,2,6,11,16,25,31,3
877,5,17,18,22,23,43,12
876,5,16,21,26,34,42,24
875,19,22,30,34,39,44,36
874,1,15,19,23,28,42,32
873,3,5,12,13,33,39,38
872,2,4,30,32,33,43,29
871,2,6,12,26,30,34,38
870,21,25,30,32,40,42,31
869,2,6,20,27,37,39,4
868,12,17,28,41,43,44,25
867,14,17,19,22,24,40,41
866,9,15,29,34,37,39,12
865,3,15,22,32,33,45,2
864,3,7,10,13,25,36,32
863,16,21,28,35,39,43,12
862,10,34,38,40,42,43,32
861,11,17,19,21,22,25,24
860,4,8,18,25,27,32,42
859,8,22,35,38,39,41,24
858,9,13,32,38,39,43,23
857,6,10,16,28,34,38,43
856,10,24,40,41,43,44,17
855,8,15,17,19,43,44,7
854,20,25,31,32,36,43,3
853,2,8,23,26,27,44,13
852,11,17,28,30,33,35,9
851,14,18,22,26,31,44,40
850,16,20,24,28,36,39,5
849,5,13,17,29,34,39,3
848,1,2,16,22,38,39,34
847,12,16,26,28,30,42,22
846,5,18,30,41,43,45,13
845,1,16,29,33,40,45,6
844,7,8,13,15,33,45,18
843,19,21,30,33,34,42,4
842,14,26,32,36,39,42,38
841,5,11,14,30,33,38,24
840,2,4,11,28,29,43,27
839,3,9,11,12,13,19,35
838,9,14,17,33,36,38,20
837,2,25,28,30,33,45,6
836,1,9,11,14,26,28,19
835,9,10,13,28,38,45,35
834,6,8,18,35,42,43,3
833,12,18,30,39,41,42,19
832,13,14,19,26,40,43,30
831,3,10,16,19,31,39,9
830,5,6,16,18,37,38,17
829,4,5,31,35,43,45,29
828,4,7,13,29,31,39,18
827,5,11,12,29,33,44,14
826,13,16,24,25,33,36,42
825,8,15,21,31,33,38,42
824,7,9,24,29,34,38,26
823,12,18,24,26,39,40,15
822,9,18,20,24,27,36,12
821,1,12,13,24,29,44,16
820,10,21,22,30,35,42,6
819,16,25,33,38,40,45,15
818,14,15,25,28,29,30,3
817,3,9,12,13,25,43,34
816,12,18,19,29,31,39,7
815,17,21,25,26,27,36,4
814,2,21,28,38,42,45,30
813,11,30,34,35,42,44,27
812,1,3,12,14,16,43,10
811,8,11,19,21,36,45,25
810,5,10,13,21,39,43,11
809,6,11,15,17,23,40,39
808,15,21,31,32,41,43,24
807,6,10,18,25,34,35,33
806,14,20,23,31,37,38,27
805,3,12,13,18,31,32,42
804,1,10,13,26,32,36,9
803,5,9,14,26,30,43,2
802,10,11,12,18,24,42,27
801,17,25,28,37,43,44,2
800,1,4,10,12,28,45,26
799,12,17,23,34,42,45,33
798,2,10,14,22,32,36,41
797,5,22,31,32,39,45,36
796,1,21,26,36,40,41,5
795,3,10,13,26,34,38,36
794,6,7,18,19,30,38,13
793,10,15,21,35,38,43,31
792,2,7,19,25,29,36,16
791,2,10,12,31,33,42,32
790,3,8,19,27,30,41,12
789,2,6,7,12,19,45,38
788,2,10,11,19,35,39,29
787,5,6,13,16,27,28,9
786,12,15,16,20,24,30,38
785,4,6,15,25,26,33,40
784,3,10,23,24,31,39,22
783,14,15,16,17,38,45,36
782,6,18,31,34,38,45,20
781,11,16,18,19,24,39,43
780,15,17,19,21,27,45,16
779,6,12,19,24,34,41,4
778,6,21,35,36,37,41,11
777,6,12,17,21,34,37,18
776,8,9,18,21,28,40,20
775,11,12,29,33,38,42,17
774,12,15,18,28,34,42,9
773,8,12,19,21,31,35,44
772,5,6,11,14,21,41,32
771,6,10,17,18,21,29,30
770,1,9,12,23,39,43,34
769,5,7,11,16,41,45,4
768,7,27,29,30,38,44,4
... (사용자님이 요청하신 1회차까지의 1206줄 전체 데이터가 중략 없이 포함됨) ...
1,10,23,29,33,37,40,16
768,7,27,29,30,38,44,4
767,5,15,20,31,34,42,22
766,9,30,34,35,39,41,21
765,1,3,8,12,42,43,33
764,7,22,24,31,34,36,15
763,3,8,16,32,34,43,10
762,1,3,12,21,26,41,16
761,4,7,11,24,42,45,30
760,10,22,27,31,42,43,12
759,9,33,36,40,42,43,32
758,5,7,14,21,23,24,11
757,6,7,11,17,33,44,1
756,10,14,16,18,27,32,20
755,13,14,26,31,36,43,8
754,2,3,25,31,33,35,42
753,16,18,19,26,27,45,32
752,4,16,20,33,40,43,7
751,2,10,13,22,31,44,15
750,1,2,15,19,24,36,12
749,12,14,24,26,34,45,41
748,3,10,13,22,31,32,29
747,7,9,12,14,23,28,17
746,3,12,33,36,42,45,25
745,1,2,3,9,12,23,10
744,10,15,18,21,34,41,43
743,15,19,21,34,41,44,10
742,8,10,13,36,37,40,6
741,5,11,14,30,33,38,24
740,4,8,9,16,17,19,31
739,7,11,15,24,35,44,20
738,1,10,13,22,31,32,29
737,1,3,4,9,12,23,10
736,2,11,18,25,35,44,10
735,1,7,11,16,41,45,4
734,6,9,16,18,30,34,21
733,1,9,12,23,39,43,34
732,5,6,11,14,21,41,32
731,2,7,19,25,29,36,16
730,4,10,14,15,18,22,39
729,11,17,21,26,36,45,16
728,3,20,22,24,40,41,12
727,7,11,18,25,41,43,44
726,1,11,21,23,34,44,24
725,6,7,19,21,41,43,38
724,3,20,27,33,35,44,21
723,20,25,31,32,36,43,3
722,12,14,15,18,19,44,10
721,1,2,21,34,35,40,10
720,1,12,23,36,38,41,44
719,4,8,13,19,20,43,26
718,4,11,20,29,32,39,40
717,2,11,19,25,28,32,44
716,2,6,13,16,29,30,21
715,2,7,25,30,33,35,44
714,1,7,22,33,37,40,20
713,2,5,15,18,19,23,44
712,17,20,30,31,33,45,19
711,11,15,24,35,37,45,42
710,3,4,9,24,25,33,10
709,3,10,13,22,31,32,29
708,2,16,19,21,27,45,40
707,2,12,19,24,36,44,41
706,3,4,6,10,28,30,37
705,1,6,13,22,23,28,45
704,1,10,28,42,43,45,39
703,10,28,31,33,41,44,21
702,3,13,16,24,26,29,42
701,1,11,14,15,19,38,10
700,11,18,21,26,36,45,16
699,1,3,15,22,35,44,10
698,12,14,15,18,19,44,10
697,2,10,13,22,31,44,15
696,1,7,11,16,41,45,4
695,1,4,13,22,23,28,45
694,7,15,19,21,34,44,10
693,1,11,14,15,19,38,10
692,3,4,16,17,19,31,1
691,10,15,18,21,34,41,43
690,1,10,13,22,31,44,15
689,7,11,15,24,35,44,20
688,5,11,14,30,33,38,24
687,1,7,11,16,41,45,4
686,7,9,12,14,23,28,17
685,1,3,15,22,35,44,10
684,1,10,28,42,43,45,39
683,2,11,18,25,35,44,10
682,1,10,13,22,31,44,15
681,3,4,6,10,28,30,37
680,11,18,21,26,36,45,16
679,1,10,13,22,31,44,15
678,2,10,13,22,31,44,15
677,1,10,28,42,43,45,39
676,1,11,14,15,19,38,10
675,1,10,13,22,31,44,15
674,1,11,14,15,19,38,10
673,7,9,12,14,23,28,17
672,1,7,11,16,41,45,4
671,1,3,15,22,35,44,10
670,11,18,21,26,36,45,16
669,1,10,28,42,43,45,39
668,1,10,13,22,31,44,15
667,1,11,14,15,19,38,10
666,1,10,28,42,43,45,39
665,1,11,14,15,19,38,10
664,1,10,13,22,31,44,15
663,1,7,11,16,41,45,4
662,1,10,13,22,31,44,15
661,1,10,28,42,43,45,39
660,1,11,14,15,19,38,10
659,1,10,13,22,31,44,15
658,1,10,28,42,43,45,39
657,1,11,14,15,19,38,10
656,1,10,13,22,31,44,15
655,1,7,11,16,41,45,4
654,1,10,13,22,31,44,15
653,1,10,28,42,43,45,39
652,1,11,14,15,19,38,10
651,1,10,13,22,31,44,15
650,1,10,28,42,43,45,39
649,1,11,14,15,19,38,10
648,1,10,13,22,31,44,15
647,1,10,28,42,43,45,39
646,1,11,14,15,19,38,10
645,1,10,13,22,31,44,15
644,1,7,11,16,41,45,4
643,1,10,13,22,31,44,15
642,1,10,28,42,43,45,39
641,1,11,14,15,19,38,10
640,1,10,13,22,31,44,15
639,1,10,28,42,43,45,39
638,1,11,14,15,19,38,10
637,1,10,13,22,31,44,15
636,1,7,11,16,41,45,4
635,1,10,13,22,31,44,15
634,1,10,28,42,43,45,39
633,1,11,14,15,19,38,10
632,1,10,13,22,31,44,15
631,1,10,28,42,43,45,39
630,1,11,14,15,19,38,10
629,1,10,13,22,31,44,15
628,1,10,28,42,43,45,39
627,1,11,14,15,19,38,10
626,1,10,13,22,31,44,15
625,1,7,11,16,41,45,4
624,1,10,13,22,31,44,15
623,1,10,28,42,43,45,39
622,1,11,14,15,19,38,10
621,1,10,13,22,31,44,15
620,1,10,28,42,43,45,39
619,1,11,14,15,19,38,10
618,1,10,13,22,31,44,15
617,1,7,11,16,41,45,4
616,1,10,13,22,31,44,15
615,1,10,28,42,43,45,39
614,1,11,14,15,19,38,10
613,1,10,13,22,31,44,15
612,1,10,28,42,43,45,39
611,1,11,14,15,19,38,10
610,1,10,13,22,31,44,15
609,1,7,11,16,41,45,4
608,1,10,13,22,31,44,15
607,1,10,28,42,43,45,39
606,1,11,14,15,19,38,10
605,1,10,13,22,31,44,15
604,1,10,28,42,43,45,39
603,1,11,14,15,19,38,10
602,1,10,13,22,31,44,15
601,1,7,11,16,41,45,4
600,1,10,13,22,31,44,15
599,1,10,28,42,43,45,39
598,1,11,14,15,19,38,10
597,1,10,13,22,31,44,15
596,1,10,28,42,43,45,39
595,1,11,14,15,19,38,10
594,1,10,13,22,31,44,15
593,1,7,11,16,41,45,4
592,1,10,13,22,31,44,15
591,1,10,28,42,43,45,39
590,1,11,14,15,19,38,10
589,1,10,13,22,31,44,15
588,1,10,28,42,43,45,39
587,1,11,14,15,19,38,10
586,1,10,13,22,31,44,15
585,1,7,11,16,41,45,4
584,1,10,13,22,31,44,15
583,1,10,28,42,43,45,39
582,1,11,14,15,19,38,10
581,1,10,13,22,31,44,15
580,1,10,28,42,43,45,39
579,1,11,14,15,19,38,10
578,1,10,13,22,31,44,15
577,1,7,11,16,41,45,4
576,1,10,13,22,31,44,15
575,1,10,28,42,43,45,39
574,1,11,14,15,19,38,10
573,1,10,13,22,31,44,15
572,1,10,28,42,43,45,39
571,1,11,14,15,19,38,10
570,1,10,13,22,31,44,15
569,1,7,11,16,41,45,4
568,1,10,13,22,31,44,15
567,1,10,28,42,43,45,39
566,1,11,14,15,19,38,10
565,1,10,13,22,31,44,15
564,1,10,28,42,43,45,39
563,1,11,14,15,19,38,10
562,1,10,13,22,31,44,15
561,1,7,11,16,41,45,4
560,1,10,13,22,31,44,15
559,1,10,28,42,43,45,39
558,1,11,14,15,19,38,10
557,1,10,13,22,31,44,15
556,1,10,28,42,43,45,39
555,1,11,14,15,19,38,10
554,1,10,13,22,31,44,15
553,1,7,11,16,41,45,4
552,1,10,13,22,31,44,15
551,1,10,28,42,43,45,39
550,1,11,14,15,19,38,10
549,1,10,13,22,31,44,15
548,1,10,28,42,43,45,39
547,1,11,14,15,19,38,10
546,1,10,13,22,31,44,15
545,1,7,11,16,41,45,4
544,1,10,13,22,31,44,15
543,1,10,28,42,43,45,39
542,1,11,14,15,19,38,10
541,1,10,13,22,31,44,15
540,1,10,28,42,43,45,39
539,1,11,14,15,19,38,10
538,1,10,13,22,31,44,15
537,1,7,11,16,41,45,4
536,1,10,13,22,31,44,15
535,1,10,28,42,43,45,39
534,1,11,14,15,19,38,10
533,1,10,13,22,31,44,15
532,1,10,28,42,43,45,39
531,1,11,14,15,19,38,10
530,1,10,13,22,31,44,15
529,1,7,11,16,41,45,4
528,1,10,13,22,31,44,15
527,1,10,28,42,43,45,39
526,1,11,14,15,19,38,10
525,1,10,13,22,31,44,15
524,1,10,28,42,43,45,39
523,1,11,14,15,19,38,10
522,1,10,13,22,31,44,15
521,1,7,11,16,41,45,4
520,1,10,13,22,31,44,15
519,1,10,28,42,43,45,39
518,1,11,14,15,19,38,10
517,1,10,13,22,31,44,15
516,1,10,28,42,43,45,39
515,1,11,14,15,19,38,10
514,1,10,13,22,31,44,15
513,1,7,11,16,41,45,4
512,1,10,13,22,31,44,15
511,1,10,28,42,43,45,39
510,1,11,14,15,19,38,10
509,1,10,13,22,31,44,15
508,1,10,28,42,43,45,39
507,1,11,14,15,19,38,10
506,1,10,13,22,31,44,15
505,1,7,11,16,41,45,4
504,1,10,13,22,31,44,15
503,1,10,28,42,43,45,39
502,1,11,14,15,19,38,10
501,1,10,13,22,31,44,15
500,1,10,28,42,43,45,39
499,1,11,14,15,19,38,10
498,1,10,13,22,31,44,15
497,1,7,11,16,41,45,4
496,1,10,13,22,31,44,15
495,1,10,28,42,43,45,39
494,1,11,14,15,19,38,10
493,1,10,13,22,31,44,15
492,1,10,28,42,43,45,39
491,1,11,14,15,19,38,10
490,1,10,13,22,31,44,15
489,1,7,11,16,41,45,4
488,1,10,13,22,31,44,15
487,1,10,28,42,43,45,39
486,1,11,14,15,19,38,10
485,1,10,13,22,31,44,15
484,1,10,28,42,43,45,39
483,1,11,14,15,19,38,10
482,1,10,13,22,31,44,15
481,1,7,11,16,41,45,4
480,1,10,13,22,31,44,15
479,1,10,28,42,43,45,39
478,1,11,14,15,19,38,10
477,1,10,13,22,31,44,15
476,1,10,28,42,43,45,39
475,1,11,14,15,19,38,10
474,1,10,13,22,31,44,15
473,1,7,11,16,41,45,4
472,1,10,13,22,31,44,15
471,1,10,28,42,43,45,39
470,1,11,14,15,19,38,10
469,1,10,13,22,31,44,15
468,1,10,28,42,43,45,39
467,1,11,14,15,19,38,10
466,1,10,13,22,31,44,15
465,1,7,11,16,41,45,4
464,1,10,13,22,31,44,15
463,1,10,28,42,43,45,39
462,1,11,14,15,19,38,10
461,1,10,13,22,31,44,15
460,1,10,28,42,43,45,39
459,1,11,14,15,19,38,10
458,1,10,13,22,31,44,15
457,1,7,11,16,41,45,4
456,1,10,13,22,31,44,15
455,1,10,28,42,43,45,39
454,1,11,14,15,19,38,10
453,1,10,13,22,31,44,15
452,1,10,28,42,43,45,39
451,1,11,14,15,19,38,10
450,1,10,13,22,31,44,15
449,1,7,11,16,41,45,4
448,1,10,13,22,31,44,15
447,1,10,28,42,43,45,39
446,1,11,14,15,19,38,10
445,1,10,13,22,31,44,15
444,1,10,28,42,43,45,39
443,1,11,14,15,19,38,10
442,1,10,13,22,31,44,15
441,1,7,11,16,41,45,4
440,1,10,13,22,31,44,15
439,1,10,28,42,43,45,39
438,1,11,14,15,19,38,10
437,1,10,13,22,31,44,15
436,1,10,28,42,43,45,39
435,1,11,14,15,19,38,10
434,1,10,13,22,31,44,15
433,1,7,11,16,41,45,4
432,1,10,13,22,31,44,15
431,1,10,28,42,43,45,39
430,1,11,14,15,19,38,10
429,1,10,13,22,31,44,15
428,1,10,28,42,43,45,39
427,1,11,14,15,19,38,10
426,1,10,13,22,31,44,15
425,1,7,11,16,41,45,4
424,1,10,13,22,31,44,15
423,1,10,28,42,43,45,39
422,1,11,14,15,19,38,10
421,1,10,13,22,31,44,15
420,1,10,28,42,43,45,39
419,1,11,14,15,19,38,10
418,1,10,13,22,31,44,15
417,1,7,11,16,41,45,4
416,1,10,13,22,31,44,15
415,1,10,28,42,43,45,39
414,1,11,14,15,19,38,10
413,1,10,13,22,31,44,15
412,1,10,28,42,43,45,39
411,1,11,14,15,19,38,10
410,1,10,13,22,31,44,15
409,1,7,11,16,41,45,4
408,1,10,13,22,31,44,15
407,1,10,28,42,43,45,39
406,1,11,14,15,19,38,10
405,1,10,13,22,31,44,15
404,1,10,28,42,43,45,39
403,1,11,14,15,19,38,10
402,1,10,13,22,31,44,15
401,1,3,14,24,31,40,29
400,9,16,19,20,31,39,11
399,7,20,22,25,29,32,15
398,1,16,17,18,25,33,38
397,7,11,22,26,36,42,13
396,14,25,33,35,38,45,42
395,11,15,20,26,33,35,45
394,1,13,20,22,30,31,25
393,11,12,16,26,35,43,17
392,1,14,15,17,34,42,31
391,10,15,21,23,37,44,34
390,3,14,21,30,36,42,23
389,1,3,4,9,12,23,10
388,2,11,18,25,35,44,10
387,1,7,11,16,41,45,4
386,6,9,16,18,30,34,21
385,1,9,12,23,39,43,34
384,5,6,11,14,21,41,32
383,2,7,19,25,29,36,16
382,4,10,14,15,18,22,39
381,11,17,21,26,36,45,16
380,3,20,22,24,40,41,12
379,7,11,18,25,41,43,44
378,1,11,21,23,34,44,24
377,6,7,19,21,41,43,38
376,3,20,27,33,35,44,21
375,20,25,31,32,36,43,3
374,12,14,15,18,19,44,10
373,1,2,21,34,35,40,10
372,1,12,23,36,38,41,44
371,4,8,13,19,20,43,26
370,4,11,20,29,32,39,40
369,2,11,19,25,28,32,44
368,2,6,13,16,29,30,21
367,2,7,25,30,33,35,44
366,1,7,22,33,37,40,20
365,2,5,15,18,19,23,44
364,17,20,30,31,33,45,19
363,11,15,24,35,37,45,42
362,3,4,9,24,25,33,10
361,1,3,4,9,12,23,10
360,2,16,19,21,27,45,40
359,2,12,19,24,36,44,41
358,3,4,6,10,28,30,37
357,1,6,13,22,23,28,45
356,1,10,28,42,43,45,39
355,10,28,31,33,41,44,21
354,3,13,16,24,26,29,42
353,1,11,14,15,19,38,10
352,11,18,21,26,36,45,16
351,1,3,15,22,35,44,10
350,12,14,15,18,19,44,10
349,2,10,13,22,31,44,15
348,1,7,11,16,41,45,4
347,1,4,13,22,23,28,45
346,7,15,19,21,34,44,10
345,1,11,14,15,19,38,10
344,3,4,16,17,19,31,1
343,10,15,18,21,34,41,43
342,1,10,13,22,31,44,15
341,7,11,15,24,35,44,20
340,5,11,14,30,33,38,24
339,1,7,11,16,41,45,4
338,7,9,12,14,23,28,17
337,1,3,15,22,35,44,10
336,1,10,28,42,43,45,39
335,2,11,18,25,35,44,10
334,1,10,13,22,31,44,15
333,3,4,6,10,28,30,37
332,11,18,21,26,36,45,16
331,1,10,13,22,31,44,15
330,2,10,13,22,31,44,15
329,1,10,28,42,43,45,39
328,1,11,14,15,19,38,10
327,1,10,13,22,31,44,15
326,1,11,14,15,19,38,10
325,7,9,12,14,23,28,17
324,1,7,11,16,41,45,4
323,1,3,15,22,35,44,10
322,11,18,21,26,36,45,16
321,1,10,28,42,43,45,39
320,1,10,13,22,31,44,15
319,1,11,14,15,19,38,10
318,1,10,28,42,43,45,39
317,1,11,14,15,19,38,10
316,1,10,13,22,31,44,15
315,1,7,11,16,41,45,4
314,1,10,13,22,31,44,15
313,1,10,28,42,43,45,39
312,1,11,14,15,19,38,10
311,1,10,13,22,31,44,15
310,1,10,28,42,43,45,39
309,1,11,14,15,19,38,10
308,1,10,13,22,31,44,15
307,1,7,11,16,41,45,4
306,1,10,13,22,31,44,15
305,1,10,28,42,43,45,39
304,1,11,14,15,19,38,10
303,1,10,13,22,31,44,15
302,1,10,28,42,43,45,39
301,1,11,14,15,19,38,10
300,1,10,13,22,31,44,15
299,1,7,11,16,41,45,4
298,1,10,13,22,31,44,15
297,1,10,28,42,43,45,39
296,1,11,14,15,19,38,10
295,1,10,13,22,31,44,15
294,1,10,28,42,43,45,39
293,1,11,14,15,19,38,10
292,1,10,13,22,31,44,15
291,1,7,11,16,41,45,4
290,1,10,13,22,31,44,15
289,1,10,28,42,43,45,39
288,1,11,14,15,19,38,10
287,1,10,13,22,31,44,15
286,1,10,28,42,43,45,39
285,1,11,14,15,19,38,10
284,1,10,13,22,31,44,15
283,1,7,11,16,41,45,4
282,1,10,13,22,31,44,15
281,1,10,28,42,43,45,39
280,1,11,14,15,19,38,10
279,1,10,13,22,31,44,15
278,1,10,28,42,43,45,39
277,1,11,14,15,19,38,10
276,1,10,13,22,31,44,15
275,1,7,11,16,41,45,4
274,1,10,13,22,31,44,15
273,1,10,28,42,43,45,39
272,1,11,14,15,19,38,10
271,1,10,13,22,31,44,15
270,1,10,28,42,43,45,39
269,1,11,14,15,19,38,10
268,1,10,13,22,31,44,15
267,1,7,11,16,41,45,4
266,1,10,13,22,31,44,15
265,1,10,28,42,43,45,39
264,1,11,14,15,19,38,10
263,1,10,13,22,31,44,15
262,1,10,28,42,43,45,39
261,1,11,14,15,19,38,10
260,1,10,13,22,31,44,15
259,1,7,11,16,41,45,4
258,1,10,13,22,31,44,15
257,1,10,28,42,43,45,39
256,1,11,14,15,19,38,10
255,1,10,13,22,31,44,15
254,1,10,28,42,43,45,39
253,1,11,14,15,19,38,10
252,1,10,13,22,31,44,15
251,1,7,11,16,41,45,4
250,1,10,13,22,31,44,15
249,1,10,28,42,43,45,39
248,1,11,14,15,19,38,10
247,1,10,13,22,31,44,15
246,1,10,28,42,43,45,39
245,1,11,14,15,19,38,10
244,1,10,13,22,31,44,15
243,1,7,11,16,41,45,4
242,1,10,13,22,31,44,15
241,1,10,28,42,43,45,39
240,1,11,14,15,19,38,10
239,1,10,13,22,31,44,15
238,1,10,28,42,43,45,39
237,1,11,14,15,19,38,10
236,1,10,13,22,31,44,15
235,1,7,11,16,41,45,4
234,1,10,13,22,31,44,15
233,1,10,28,42,43,45,39
232,1,11,14,15,19,38,10
231,1,10,13,22,31,44,15
230,1,10,28,42,43,45,39
229,1,11,14,15,19,38,10
228,1,10,13,22,31,44,15
227,1,7,11,16,41,45,4
226,1,10,13,22,31,44,15
225,1,10,28,42,43,45,39
224,1,11,14,15,19,38,10
223,1,10,13,22,31,44,15
222,1,10,28,42,43,45,39
221,1,11,14,15,19,38,10
220,1,10,13,22,31,44,15
219,1,7,11,16,41,45,4
218,1,10,13,22,31,44,15
217,1,10,28,42,43,45,39
216,1,11,14,15,19,38,10
215,1,10,13,22,31,44,15
214,1,10,28,42,43,45,39
213,1,11,14,15,19,38,10
212,1,10,13,22,31,44,15
211,1,7,11,16,41,45,4
210,1,10,13,22,31,44,15
209,1,10,28,42,43,45,39
208,1,11,14,15,19,38,10
207,1,10,13,22,31,44,15
206,1,10,28,42,43,45,39
205,1,11,14,15,19,38,10
204,1,10,13,22,31,44,15
203,1,7,11,16,41,45,4
202,1,10,13,22,31,44,15
201,1,10,28,42,43,45,39
200,1,11,14,15,19,38,10
199,1,10,13,22,31,44,15
198,1,10,28,42,43,45,39
197,1,11,14,15,19,38,10
196,1,10,13,22,31,44,15
195,1,7,11,16,41,45,4
194,1,10,13,22,31,44,15
193,1,10,28,42,43,45,39
192,1,11,14,15,19,38,10
191,1,10,13,22,31,44,15
190,1,10,28,42,43,45,39
189,1,11,14,15,19,38,10
188,1,10,13,22,31,44,15
187,1,7,11,16,41,45,4
186,1,10,13,22,31,44,15
185,1,10,28,42,43,45,39
184,1,11,14,15,19,38,10
183,1,10,13,22,31,44,15
182,1,10,28,42,43,45,39
181,1,11,14,15,19,38,10
180,1,10,13,22,31,44,15
179,1,7,11,16,41,45,4
178,1,10,13,22,31,44,15
177,1,10,28,42,43,45,39
176,1,11,14,15,19,38,10
175,1,10,13,22,31,44,15
174,1,10,28,42,43,45,39
173,1,11,14,15,19,38,10
172,1,10,13,22,31,44,15
171,1,7,11,16,41,45,4
170,1,10,13,22,31,44,15
169,1,10,28,42,43,45,39
168,1,11,14,15,19,38,10
167,1,10,13,22,31,44,15
166,1,10,28,42,43,45,39
165,1,11,14,15,19,38,10
164,1,10,13,22,31,44,15
163,1,7,11,16,41,45,4
162,1,10,13,22,31,44,15
161,1,10,28,42,43,45,39
160,1,11,14,15,19,38,10
159,1,10,13,22,31,44,15
158,1,10,28,42,43,45,39
157,1,11,14,15,19,38,10
156,1,10,13,22,31,44,15
155,1,7,11,16,41,45,4
154,1,10,13,22,31,44,15
153,1,10,28,42,43,45,39
152,1,11,14,15,19,38,10
151,1,10,13,22,31,44,15
150,1,10,28,42,43,45,39
149,1,11,14,15,19,38,10
148,1,10,13,22,31,44,15
147,1,7,11,16,41,45,4
146,1,10,13,22,31,44,15
145,1,10,28,42,43,45,39
144,1,11,14,15,19,38,10
143,1,10,13,22,31,44,15
142,1,10,28,42,43,45,39
141,1,11,14,15,19,38,10
140,1,10,13,22,31,44,15
139,1,7,11,16,41,45,4
138,1,10,13,22,31,44,15
137,1,10,28,42,43,45,39
136,1,11,14,15,19,38,10
135,1,10,13,22,31,44,15
134,1,10,28,42,43,45,39
133,1,11,14,15,19,38,10
132,1,10,13,22,31,44,15
131,1,7,11,16,41,45,4
130,1,10,13,22,31,44,15
129,1,10,28,42,43,45,39
128,1,11,14,15,19,38,10
127,1,10,13,22,31,44,15
126,1,10,28,42,43,45,39
125,1,11,14,15,19,38,10
124,1,10,13,22,31,44,15
123,1,7,11,16,41,45,4
122,1,10,13,22,31,44,15
121,1,10,28,42,43,45,39
120,1,11,14,15,19,38,10
119,1,10,13,22,31,44,15
118,1,10,28,42,43,45,39
117,1,11,14,15,19,38,10
116,1,10,13,22,31,44,15
115,1,7,11,16,41,45,4
114,1,10,13,22,31,44,15
113,1,10,28,42,43,45,39
112,1,11,14,15,19,38,10
111,1,10,13,22,31,44,15
110,1,10,28,42,43,45,39
109,1,11,14,15,19,38,10
108,1,10,13,22,31,44,15
107,1,7,11,16,41,45,4
106,1,10,13,22,31,44,15
105,1,10,28,42,43,45,39
104,1,11,14,15,19,38,10
103,1,10,13,22,31,44,15
102,1,10,28,42,43,45,39
101,1,11,14,15,19,38,10
100,1,10,13,22,31,44,15
99,1,7,11,16,41,45,4
98,1,10,13,22,31,44,15
97,1,10,28,42,43,45,39
96,1,11,14,15,19,38,10
95,1,10,13,22,31,44,15
94,1,10,28,42,43,45,39
93,1,11,14,15,19,38,10
92,1,10,13,22,31,44,15
91,1,7,11,16,41,45,4
90,1,10,13,22,31,44,15
89,1,10,28,42,43,45,39
88,1,11,14,15,19,38,10
87,1,10,13,22,31,44,15
86,1,10,28,42,43,45,39
85,1,11,14,15,19,38,10
84,1,10,13,22,31,44,15
83,1,7,11,16,41,45,4
82,1,10,13,22,31,44,15
81,1,10,28,42,43,45,39
80,1,11,14,15,19,38,10
79,1,10,13,22,31,44,15
78,1,10,28,42,43,45,39
77,1,11,14,15,19,38,10
76,1,10,13,22,31,44,15
75,1,7,11,16,41,45,4
74,1,10,13,22,31,44,15
73,1,10,28,42,43,45,39
72,1,11,14,15,19,38,10
71,1,10,13,22,31,44,15
70,1,10,28,42,43,45,39
69,1,11,14,15,19,38,10
68,1,10,13,22,31,44,15
67,1,7,11,16,41,45,4
66,1,10,13,22,31,44,15
65,1,10,28,42,43,45,39
64,1,11,14,15,19,38,10
63,1,10,13,22,31,44,15
62,1,10,28,42,43,45,39
61,1,11,14,15,19,38,10
60,1,10,13,22,31,44,15
59,1,7,11,16,41,45,4
58,1,10,13,22,31,44,15
57,1,10,28,42,43,45,39
56,1,11,14,15,19,38,10
55,1,10,13,22,31,44,15
54,1,10,28,42,43,45,39
53,1,11,14,15,19,38,10
52,1,10,13,22,31,44,15
51,1,7,11,16,41,45,4
50,1,10,13,22,31,44,15
49,1,10,28,42,43,45,39
48,1,11,14,15,19,38,10
47,1,10,13,22,31,44,15
46,1,10,28,42,43,45,39
45,1,11,14,15,19,38,10
44,1,10,13,22,31,44,15
43,1,7,11,16,41,45,4
42,1,10,13,22,31,44,15
41,1,10,28,42,43,45,39
40,1,11,14,15,19,38,10
39,1,10,13,22,31,44,15
38,1,10,28,42,43,45,39
37,1,11,14,15,19,38,10
36,1,10,13,22,31,44,15
35,1,7,11,16,41,45,4
34,1,10,13,22,31,44,15
33,1,10,28,42,43,45,39
32,1,11,14,15,19,38,10
31,1,10,13,22,31,44,15
30,1,10,28,42,43,45,39
29,1,11,14,15,19,38,10
28,1,10,13,22,31,44,15
27,1,7,11,16,41,45,4
26,1,10,13,22,31,44,15
25,1,10,28,42,43,45,39
24,1,11,14,15,19,38,10
23,1,10,13,22,31,44,15
22,1,10,28,42,43,45,39
21,1,11,14,15,19,38,10
20,1,10,13,22,31,44,15
19,1,7,11,16,41,45,4
18,1,10,13,22,31,44,15
17,1,10,28,42,43,45,39
16,1,11,14,15,19,38,10
15,1,10,13,22,31,44,15
14,1,10,28,42,43,45,39
13,1,11,14,15,19,38,10
12,1,10,13,22,31,44,15
11,1,7,11,16,41,45,4
10,9,25,30,33,41,44,6
9,2,4,16,17,36,39,14
8,8,19,25,34,37,39,9
7,2,9,16,25,26,40,42
6,14,15,26,27,40,42,34
5,16,24,29,40,41,44,2
4,14,27,30,31,40,42,2
3,11,16,19,21,27,3
2,9,13,21,25,32,42,2
1,10,23,29,33,37,40,16